        Impactor           Impact rate Viable ejected fragments           Impact rate Viable ejected fragments
   0.00003044309 209784860040.56796265                        0 598500466666.66662598                        0
   0.00004752450 120795475862.06895447                        0 344620430000.00000000                        0
   0.00007415459  59213468559.83773041                        0 168931583333.33334351                        0
   0.00011503566  23854568762.67748642                        0  68055295000.00000000                        0
   0.00018003650   9897108316.43002129                        0  28235707500.00000000                        0
   0.00028138017   3451299310.34482765                        0   9846298000.00000000                        0
   0.00043782087   1243482839.75659227                        0   3547563250.00000000                        0
   0.00068427296    490625882.35294122                        0   1399718833.33333325                        0
   0.00106690053    170873152.12981746                        0    487488283.33333331                        0
   0.00166163284     63104639.35091278                        0    180032801.66666666                        0
   0.00259453672     22670299.39148073                        0     64676663.33333334                        0
   0.00402324097      7630078.37728195                        0     21768041.16666667                        0
   0.00630951117      2436211.27789047                        0      6950328.00000000                        0
   0.00981954757       717328.87626775                        0      2046485.46666667                        0
   0.01534375323       208093.04665314                        0       593673.85000000                        0
   0.02392299026        59890.19391481                        0       170862.23000000                        0
   0.03731362968        15970.71837728                        0        45563.26133333                        0
   0.05796609600         6648.82661258                        0        18968.60350000                        0
   0.09074096404         3552.80811359                        0        10135.89500000                        0
   0.14160574588         1911.74912779                        0         5454.07683333                        0
   0.22066796034         1025.23891278                        0         2924.92970000                        0
   0.34436322612          549.83935091                        0         1568.65041667                        0
   0.53663027761          294.37552941                        0          839.83130000                        0
   0.83554157722          157.84618905                        0          450.32333500                        0
   1.30500166132           84.25230669                        0          240.36551000                        0
   2.03190761289           45.17141744                        0          128.87066500                   139752
   3.17356177450           24.19293144                        0           69.02061833                 75657211
   4.95530419652           12.43482840                        0           35.47563250                274302216
   7.71761035640            5.78600178                      565           16.50702900                247582340
  12.03348210700            2.70690142                 31148656            7.72258667                143141993
  18.76803221283            1.26209279                206063121            3.60065603                 70757218
  29.26356338132            0.58875106                235534011            1.67966260                 33470265
  45.64094543202            0.27407377                147139285            0.78191190                 15627145
  71.16445050218            0.12790109                 74722740            0.36489222                  7296889
 110.99170527344            0.05972101                 35629147            0.17037957                  3407512
 172.75451898471            0.02791492                 16730044            0.07963918                  1592777
              NA                    NA                237212341                    NA                845050995
