	  Orbit     Sun Mercury   Venus   Earth    Mars Jupiter  Saturn  Uranus Neptune Ejected
bigearth12 905 56 12 183 256 2 0 0 0 0 86
bigearth13 873 57 6 228 252 1 3 0 0 0 80
bigearth14 820 86 6 213 270 5 1 0 0 0 99
bigearth15 920 44 8 207 245 5 2 0 0 0 69
bigmars12 938 35 0 27 28 19 0 0 0 0 53
bigmars13 965 27 0 19 26 14 1 0 0 0 48
bigmars14 984 20 1 17 19 16 0 0 0 0 43
bigmars15 929 29 2 21 35 14 1 0 0 0 69
Percentages:
bigearth12 60.3333 3.73333 0.800000 12.2000 17.0667 0.133333 0.00000 0.00000 0.00000 0.00000 5.73333
bigearth13 58.2000 3.80000 0.400000 15.2000 16.8000 0.0666667 0.200000 0.00000 0.00000 0.00000 5.33333
bigearth14 54.6667 5.73333 0.400000 14.2000 18.0000 0.333333 0.0666667 0.00000 0.00000 0.00000 6.60000
bigearth15 61.3333 2.93333 0.533333 13.8000 16.3333 0.333333 0.133333 0.00000 0.00000 0.00000 4.60000
bigmars12 85.2727 3.18182 0.00000 2.45455 2.54545 1.72727 0.00000 0.00000 0.00000 0.00000 4.81818
bigmars13 87.7273 2.45455 0.00000 1.72727 2.36364 1.27273 0.0909091 0.00000 0.00000 0.00000 4.36364
bigmars14 89.4545 1.81818 0.0909091 1.54545 1.72727 1.45455 0.00000 0.00000 0.00000 0.00000 3.90909
bigmars15 84.4545 2.63636 0.181818 1.90909 3.18182 1.27273 0.0909091 0.00000 0.00000 0.00000 6.27273
Totals:
  Orbit         3518         3816       58.6333       86.7273
    Sun          243          111       4.05000       2.52273
Mercury           32            3      0.533333     0.0681818
  Venus          831           84       13.8500       1.90909
  Earth         1023          108       17.0500       2.45455
   Mars           13           63      0.216667       1.43182
Jupiter            6            2      0.100000     0.0454545
 Saturn            0            0       0.00000       0.00000
 Uranus            0            0       0.00000       0.00000
Neptune            0            0       0.00000       0.00000
Ejected          334          213       5.56667       4.84091
