	  Orbit     Sun Mercury   Venus   Earth    Mars Jupiter  Saturn  Uranus Neptune Ejected
bigearth9 453 207 43 461 1293 7 1 0 0 0 535
bigearth10 424 189 47 465 1328 5 6 1 0 0 535
bigearth11 505 185 15 488 1276 6 3 0 0 0 522
bigmars9 677 196 9 79 84 374 7 0 0 0 574
bigmars10 637 209 9 60 89 390 2 0 0 0 604
bigmars11 501 281 2 61 77 368 3 0 0 1 706
Percentages:
bigearth9 15.1000 6.90000 1.43333 15.3667 43.1000 0.233333 0.0333333 0.00000 0.00000 0.00000 17.8333
bigearth10 14.1333 6.30000 1.56667 15.5000 44.2667 0.166667 0.200000 0.0333333 0.00000 0.00000 17.8333
bigearth11 16.8333 6.16667 0.500000 16.2667 42.5333 0.200000 0.100000 0.00000 0.00000 0.00000 17.4000
bigmars9 33.8500 9.80000 0.450000 3.95000 4.20000 18.7000 0.350000 0.00000 0.00000 0.00000 28.7000
bigmars10 31.8500 10.4500 0.450000 3.00000 4.45000 19.5000 0.100000 0.00000 0.00000 0.00000 30.2000
bigmars11 25.0500 14.0500 0.100000 3.05000 3.85000 18.4000 0.150000 0.00000 0.00000 0.0500000 35.3000
Totals:
  Orbit         1382         1815       15.3556       30.2500
    Sun          581          686       6.45556       11.4333
Mercury          105           20       1.16667      0.333333
  Venus         1414          200       15.7111       3.33333
  Earth         3897          250       43.3000       4.16667
   Mars           18         1132      0.200000       18.8667
Jupiter           10           12      0.111111      0.200000
 Saturn            1            0     0.0111111       0.00000
 Uranus            0            0       0.00000       0.00000
Neptune            0            1       0.00000     0.0166667
Ejected         1592         1884       17.6889       31.4000
